1,华北,0,0,1
1,北京市,1,0,2
1,北京市,1,1,3
2,天津市,1,0,2
2,天津市,2,1,3
3,河北省,1,0,2
3,石家庄市,3,2,3
4,唐山市,3,2,3
5,秦皇岛市,3,3,3
6,邯郸市,3,3,3
7,邢台市,3,3,3
8,保定市,3,3,3
9,张家口市,3,2,3
10,承德市,3,3,3
11,沧州市,3,3,3
12,廊坊市,3,3,3
13,衡水市,3,4,3
4,山西省,1,0,2
14,太原市,4,2,3
15,大同市,4,3,3
16,阳泉市,4,4,3
17,长治市,4,4,3
18,晋城市,4,4,3
19,朔州市,4,4,3
20,晋中市,4,4,3
21,运城市,4,4,3
22,忻州市,4,4,3
23,临汾市,4,4,3
24,吕梁市,4,4,3
5,内蒙古自治区,1,0,2
25,呼和浩特市,5,4,3
26,包头市,5,4,3
27,乌海市,5,4,3
28,赤峰市,5,4,3
29,通辽市,5,4,3
30,鄂尔多斯市,5,3,3
31,呼伦贝尔市,5,4,3
32,巴彦淖尔市,5,4,3
33,乌兰察布市,5,4,3
34,兴安盟,5,4,3
35,锡林郭勒盟,5,4,3
36,阿拉善盟,5,4,3
2,东北,0,0,1
6,辽宁省,2,0,2
37,沈阳市,6,2,3
38,大连市,6,2,3
39,鞍山市,6,3,3
40,抚顺市,6,3,3
41,本溪市,6,3,3
42,丹东市,6,3,3
43,锦州市,6,3,3
44,营口市,6,3,3
45,阜新市,6,4,3
46,辽阳市,6,3,3
47,盘锦市,6,4,3
48,铁岭市,6,4,3
49,朝阳市,6,4,3
50,葫芦岛市,6,4,3
7,吉林省,2,0,2
51,长春市,7,2,3
52,吉林市,7,3,3
53,四平市,7,4,3
54,辽源市,7,4,3
55,通化市,7,4,3
56,白山市,7,4,3
57,松原市,7,4,3
58,白城市,7,4,3
59,延边朝鲜族自治州,7,4,3
8,黑龙江省,2,0,2
60,哈尔滨市,8,2,3
61,齐齐哈尔市,8,3,3
62,鸡西市,8,4,3
63,鹤岗市,8,4,3
64,双鸭山市,8,4,3
65,大庆市,8,3,3
66,伊春市,8,4,3
67,佳木斯市,8,4,3
68,七台河市,8,4,3
69,牡丹江市,8,3,3
70,黑河市,8,4,3
71,绥化市,8,4,3
72,大兴安岭地区,8,4,3
3,华东,0,0,1
9,上海市,3,0,2
73,上海市,9,1,3
10,江苏省,3,0,2
74,南京市,10,2,3
75,无锡市,10,2,3
76,徐州市,10,3,3
77,常州市,10,3,3
78,苏州市,10,2,3
79,南通市,10,3,3
80,连云港市,10,3,3
81,淮安市,10,4,3
82,盐城市,10,3,3
83,扬州市,10,3,3
84,镇江市,10,3,3
85,泰州市,10,3,3
86,宿迁市,10,4,3
11,浙江省,3,0,2
87,杭州市,11,2,3
88,宁波市,11,2,3
89,温州市,11,2,3
90,嘉兴市,11,3,3
91,湖州市,11,3,3
92,绍兴市,11,3,3
93,金华市,11,3,3
94,衢州市,11,3,3
95,舟山市,11,4,3
96,台州市,11,3,3
97,丽水市,11,3,3
12,安徽省,3,0,2
98,合肥市,12,2,3
99,芜湖市,12,3,3
100,蚌埠市,12,3,3
101,淮南市,12,3,3
102,马鞍山市,12,3,3
103,淮北市,12,4,3
104,铜陵市,12,4,3
105,安庆市,12,3,3
106,黄山市,12,4,3
107,滁州市,12,4,3
108,阜阳市,12,4,3
109,宿州市,12,4,3
110,巢湖市,12,4,3
111,六安市,12,4,3
112,亳州市,12,4,3
113,池州市,12,4,3
114,宣城市,12,4,3
13,福建省,3,0,2
115,福州市,13,2,3
116,厦门市,13,2,3
117,莆田市,13,4,3
118,三明市,13,4,3
119,泉州市,13,4,3
120,漳州市,13,3,3
121,南平市,13,4,3
122,龙岩市,13,4,3
123,宁德市,13,4,3
14,江西省,3,0,2
124,南昌市,14,2,3
125,景德镇市,14,3,3
126,萍乡市,14,4,3
127,九江市,14,3,3
128,新余市,14,3,3
129,鹰潭市,14,4,3
130,赣州市,14,3,3
131,吉安市,14,4,3
132,宜春市,14,4,3
133,抚州市,14,4,3
134,上饶市,14,4,3
15,山东省,3,0,2
135,济南市,15,2,3
136,青岛市,15,2,3
137,淄博市,15,2,3
138,枣庄市,15,3,3
139,东营市,15,3,3
140,烟台市,15,2,3
141,潍坊市,15,3,3
142,济宁市,15,3,3
143,泰安市,15,3,3
144,威海市,15,3,3
145,日照市,15,3,3
146,莱芜市,15,4,3
147,临沂市,15,3,3
148,德州市,15,3,3
149,聊城市,15,3,3
150,滨州市,15,3,3
151,菏泽市,15,4,3
4,华中,0,0,1
16,湖北省,4,0,2
152,武汉市,16,2,3
153,黄石市,16,4,3
154,十堰市,16,4,3
155,宜昌市,16,3,3
156,襄樊市,16,3,3
157,鄂州市,16,4,3
158,荆门市,16,4,3
159,孝感市,16,4,3
160,荆州市,16,3,3
161,黄冈市,16,4,3
162,咸宁市,16,4,3
163,随州市,16,4,3
164,恩施土家族苗族自治州,16,4,3
165,省直辖县级行政区划,16,4,3
17,湖南省,4,0,2
166,长沙市,17,2,3
167,株洲市,17,3,3
168,湘潭市,17,3,3
169,衡阳市,17,3,3
170,邵阳市,17,4,3
171,岳阳市,17,3,3
172,常德市,17,3,3
173,张家界市,17,2,3
174,益阳市,17,4,3
175,郴州市,17,3,3
176,永州市,17,4,3
177,怀化市,17,4,3
178,娄底市,17,4,3
179,湘西土家族苗族自治州,17,4,3
18,河南省,4,0,2
180,郑州市,18,2,3
181,开封市,18,3,3
182,洛阳市,18,3,3
183,平顶山市,18,3,3
184,安阳市,18,3,3
185,鹤壁市,18,4,3
186,新乡市,18,3,3
187,焦作市,18,3,3
188,濮阳市,18,3,3
189,许昌市,18,3,3
190,漯河市,18,4,3
191,三门峡市,18,4,3
192,南阳市,18,3,3
193,商丘市,18,4,3
194,信阳市,18,4,3
195,周口市,18,4,3
196,驻马店市,18,4,3
197,省直辖县级行政区划,18,4,3
5,西南,0,0,1
19,四川省,5,0,2
198,成都市,19,2,3
199,自贡市,19,4,3
200,攀枝花市,19,4,3
201,泸州市,19,4,3
202,德阳市,19,3,3
203,绵阳市,19,3,3
204,广元市,19,4,3
205,遂宁市,19,4,3
206,内江市,19,4,3
207,乐山市,19,4,3
208,南充市,19,4,3
209,眉山市,19,4,3
210,宜宾市,19,3,3
211,广安市,19,4,3
212,达州市,19,4,3
213,雅安市,19,4,3
214,巴中市,19,4,3
215,资阳市,19,4,3
216,阿坝藏族羌族自治州,19,4,3
217,甘孜藏族自治州,19,4,3
218,凉山彝族自治州,19,4,3
20,贵州省,5,0,2
219,贵阳市,20,4,3
220,六盘水市,20,4,3
221,遵义市,20,3,3
222,安顺市,20,4,3
223,铜仁地区,20,4,3
224,黔西南布依族苗族自治州,20,4,3
225,毕节地区,20,4,3
226,黔东南苗族侗族自治州,20,4,3
227,黔南布依族苗族自治州,20,4,3
21,云南省,5,0,2
228,昆明市,21,2,3
229,曲靖市,21,4,3
230,玉溪市,21,4,3
231,保山市,21,4,3
232,昭通市,21,4,3
233,丽江市,21,4,3
234,普洱市,21,4,3
235,临沧市,21,4,3
236,楚雄彝族自治州,21,4,3
237,红河哈尼族彝族自治州,21,4,3
238,文山壮族苗族自治州,21,4,3
239,西双版纳傣族自治州,21,4,3
240,大理白族自治州,21,4,3
241,德宏傣族景颇族自治州,21,4,3
242,怒江傈僳族自治州,21,4,3
243,迪庆藏族自治州,21,4,3
22,重庆市,5,0,2
244,重庆市,22,2,3
23,西藏自治区,5,0,2
245,拉萨市,23,3,3
246,昌都地区,23,4,3
247,山南地区,23,4,3
248,日喀则地区,23,4,3
249,那曲地区,23,4,3
250,阿里地区,23,4,3
251,林芝地区,23,4,3
6,华南,0,0,1
24,广东省,6,0,2
252,广州市,24,1,3
253,韶关市,24,4,3
254,深圳市,24,1,3
255,珠海市,24,3,3
256,汕头市,24,3,3
257,佛山市,24,2,3
258,江门市,24,3,3
259,湛江市,24,3,3
260,茂名市,24,3,3
261,肇庆市,24,3,3
262,惠州市,24,3,3
263,梅州市,24,3,3
264,汕尾市,24,4,3
265,河源市,24,4,3
266,阳江市,24,4,3
267,清远市,24,3,3
268,东莞市,24,2,3
269,中山市,24,3,3
270,潮州市,24,4,3
271,揭阳市,24,3,3
272,云浮市,24,4,3
25,广西壮族自治区,6,0,2
273,南宁市,25,2,3
274,柳州市,25,3,3
275,桂林市,25,3,3
276,梧州市,25,4,3
277,北海市,25,3,3
278,防城港市,25,4,3
279,钦州市,25,4,3
280,贵港市,25,4,3
281,玉林市,25,3,3
282,百色市,25,4,3
283,贺州市,25,4,3
284,河池市,25,4,3
285,来宾市,25,4,3
286,崇左市,25,4,3
26,海南省,6,0,2
287,海口市,26,3,3
288,三亚市,26,2,3
289,省直辖县级行政区划,26,4,3
7,西北,0,0,1
27,陕西省,7,0,2
290,西安市,27,2,3
291,铜川市,27,4,3
292,宝鸡市,27,3,3
293,咸阳市,27,4,3
294,渭南市,27,4,3
295,延安市,27,3,3
296,汉中市,27,4,3
297,榆林市,27,3,3
298,安康市,27,4,3
299,商洛市,27,4,3
28,甘肃省,7,0,2
300,兰州市,28,4,3
301,嘉峪关市,28,4,3
302,金昌市,28,4,3
303,白银市,28,4,3
304,天水市,28,3,3
305,武威市,28,4,3
306,张掖市,28,4,3
307,平凉市,28,4,3
308,酒泉市,28,4,3
309,庆阳市,28,4,3
310,定西市,28,4,3
311,陇南市,28,4,3
312,临夏回族自治州,28,4,3
313,甘南藏族自治州,28,4,3
29,青海省,7,0,2
314,西宁市,29,3,3
315,海东地区,29,4,3
316,海北藏族自治州,29,4,3
317,黄南藏族自治州,29,4,3
318,海南藏族自治州,29,4,3
319,果洛藏族自治州,29,4,3
320,玉树藏族自治州,29,4,3
321,海西蒙古族藏族自治州,29,4,3
30,宁夏回族自治区,7,0,2
322,银川市,30,3,3
323,石嘴山市,30,4,3
324,吴忠市,30,4,3
325,固原市,30,4,3
326,中卫市,30,4,3
31,新疆维吾尔自治区,7,0,2
327,乌鲁木齐市,31,4,3
328,克拉玛依市,31,3,3
329,吐鲁番地区,31,4,3
330,哈密地区,31,4,3
331,昌吉回族自治州,31,4,3
332,博尔塔拉蒙古自治州,31,4,3
333,巴音郭楞蒙古自治州,31,4,3
334,阿克苏地区,31,4,3
335,克孜勒苏柯尔克孜自治州,31,4,3
336,喀什地区,31,4,3
337,和田地区,31,4,3
338,伊犁哈萨克自治州,31,4,3
339,塔城地区,31,4,3
340,阿勒泰地区,31,4,3
341,自治区直辖县级行政区划,31,4,3
8,港澳台,0,0,1
32,香港,8,0,2
342,香港,32,10,3
33,台湾,8,0,2
343,台湾,33,10,3
34,澳门,8,0,2
344,澳门,34,10,3