1,101,娱乐综合,101,40101,606,IAB1
1,102,在线音乐,102,40201,602,IAB1-6
1,103,宽带电影,103,40102,601,IAB1-5
1,104,视频短片,104,40101,609,IAB1-2
1,105,网络电视,105,40102,601,IAB1-7
1,106,其他,106,40101,610,IAB9-26
2,201,笑话,201,40301,609,IAB1-4
2,202,图片,202,40101,604,IAB9-23
2,203,动漫,203,40501,609,IAB19-2
2,204,flash,204,40101,609,IAB19-1
2,205,星座/算命与占卜,205,40101,605,IAB15-1
2,206,非主流,206,40101,609,IAB14-3
2,207,其他,207,40101,610,IAB9-30
3,301,综合游戏,301,40401,607,IAB9-5
3,302,网络游戏,302,40401,607,IAB9-30
3,303,单机游戏,303,40401,607,IAB9-7
3,304,掌机/手机游戏,304,40401,607,IAB9-25
3,305,休闲小游戏,305,40401,607,IAB9-8
3,306,其他,306,40401,607,IAB9-10
4,401,源码下载,401,42201,704,IAB19-19
4,402,技术论坛,402,42201,704,IAB19-27
4,403,电子邮箱,403,42201,704,IAB19-15
4,404,网盘,404,42201,704,IAB19-30
4,405,网络相册,405,42201,704,IAB19-30
4,406,在线翻译,406,42201,704,IAB19-30
4,407,域名注册,407,42201,704,IAB19-18
4,408,搜索查询,408,42201,704,IAB19-18
4,409,其他,409,42201,704,IAB19-8
5,501,财经,501,42401,303,IAB13
5,502,娱乐,502,40101,609,IAB19-29
5,503,体育,503,42603,1005,IAB17
5,504,社会,504,42201,202,IAB12-2
5,505,教育,505,41706,808,IAB5
5,506,女性,506,41601,1201,IAB7-45
5,507,空间周边,507,41401,704,IAB6-4
7,701,电脑产品,701,40901,401,IAB19-26
7,702,硬件资讯,702,40901,403,IAB19-10
7,703,软件下载,703,40901,404,IAB19-30
7,704,软件交流,704,40901,405,IAB19-16
7,705,其他,705,40901,406,IAB19-3
8,801,数码及手机资讯,801,40901,402,IAB19-6
8,802,MP3及MP4,802,40901,403,IAB19-22
8,803,相机/摄像机,803,40901,403,IAB19-5
8,804,数字家电,804,40901,901,IAB10-1
8,805,游戏机,805,40901,403,IAB19-29
8,806,手机资源及下载,806,40901,402,IAB19-6
8,807,3G服务,807,40901,402,IAB19-6
8,808,其他,808,40901,406,IAB19-35
9,901,幼儿教育,901,41706,801,IAB6-2
9,902,小学/初中教育,902,41706,802,IAB5-12
9,903,高中教育/高考,903,41706,802,IAB5-6
9,904,考研,904,41706,803,IAB5-8
9,905,资格考试,905,41706,807,IAB5-13
9,906,英语及其他培训,906,41706,804,IAB5-6
9,907,课件下载,907,41706,802,IAB5-2
9,908,其他,908,41706,808,IAB5-5
9,909,MBA,909,41706,805,IAB5-8
9,910,出国,910,41706,806,IAB5-7
10,1001,医学行业,1001,42101,502,IAB7
10,1002,医疗健康,1002,42101,501,IAB7
10,1003,母婴育儿,1003,42103,1203,IAB6-2
10,1004,两性健康,1004,42101,504,IAB7-39
10,1005,儿童健康,1005,42103,1203,IAB7-35
10,1006,其他,1006,42101,505,IAB7-38
10,1007,整形美容,1007,41601,503,IAB7-33
11,1101,美容减肥,1101,41601,1202,IAB7-44
11,1102,时装时尚,1102,41601,1201,IAB18-5
11,1103,奢侈品,1103,41601,1507,IAB18-4
11,1104,时尚论坛,1104,41601,1201,IAB18-3
11,1105,女性综合,1105,41601,1201,IAB18-1
11,1106,其他,1106,41601,1201,IAB18-6
12,1201,综合论坛,1201,41404,703,IAB14-4
12,1202,交友和婚恋,1202,41404,701,IAB14-7
12,1203,同学录,1203,41404,702,IAB14-6
12,1204,SNS,1204,41404,702,IAB14-1
12,1205,垂直论坛,1205,41404,703,IAB4-1
12,1206,其他,1206,41404,704,IAB11-5
13,1301,宠物综合,1301,41501,608,IAB16
13,1302,菜谱/饮食网址,1302,41501,1701,IAB8
13,1303,分类信息,1303,41501,1701,IAB22
13,1304,其他,1304,41501,1701,IAB10-8
14,1401,买卖租赁,1401,42702,304,IAB21-3
14,1402,家居装饰,1402,42702,905,IAB10-7
14,1403,其他,1403,42702,905,IAB10-9
14,1404,房产家居,1404,42702,903,IAB10-5
15,1501,汽车资讯,1501,41801,101,IAB2-4
15,1502,汽车周边服务,1502,41801,103,IAB2-2
15,1503,车友会,1503,41801,104,IAB2-1
15,1504,地方车网,1504,41801,101,IAB2-3
15,1505,其他,1505,41801,102,IAB2-10
16,1601,旅游资讯,1601,42004,1102,IAB20
16,1602,票务服务（机票、火车票）,1602,42004,1103,IAB20-3
16,1603,旅行社/酒店,1603,42004,1101,IAB20-18
16,1604,出行查询（地图、天气）,1604,41505,1102,IAB20-17
16,1605,其他,1605,42004,1102,IAB20-7
17,1701,足球,1701,42603,1001,IAB17-12
17,1702,篮球NBA,1702,42603,1002,IAB17-26
17,1703,体育综合,1703,42603,1005,IAB17
17,1704,其他,1704,42603,1007,IAB17-44
17,1705,网球,1705,42603,1003,IAB17-40
17,1706,户外,1706,42603,1004,IAB17-30
17,1707,器材,1707,42603,1006,IB17-36
18,1801,财经资讯,1801,42401,303,IAB13-7
18,1802,股票,1802,42401,301,IAB13-11
18,1803,博彩/彩票,1803,42401,307,IAB22-1
18,1804,其他,1804,42401,307,IAB13-1
18,1805,基金,1806,42401,302,IAB13-7
18,1807,房产,1807,42401,304,IAB21-3
18,1808,保险,1808,42401,305,IAB13-6
18,1809,收藏,1809,42401,306,IAB9-10
19,1901,电子五金,1901,42801,1601,IAB3-12
19,1902,农林牧渔,1902,42801,1603,IAB3-2
19,1903,轻工/纺织,1903,42801,1604,IAB3-5
19,1904,重工/机械,1904,42802,1602,IAB3-5
19,1905,化工/能源,1905,42801,1604,IAB3-8
19,1906,仪表仪器,1906,42801,1602,IAB21-2
19,1907,纸业印刷,1907,42801,1604,IAB3-1
19,1908,交通物流,1908,41504,1701,IAB3-10
19,1909,法律法规,1909,42801,1702,IAB11-2
19,1910,商务贸易,1910,42801,1702,IAB22-4
19,1911,其他,1911,42801,1702,IAB9-31
20,2001,综合门户,2001,41801,202,IAB12-1
20,2002,地方媒体,2002,41802,205,IAB12-3
20,2003,媒体报刊,2003,41801,205,IAB12-2
20,2004,广播/电视,2004,41801,205,IAB12-3
20,2005,政史军事,2005,41805,201,IAB11-4
20,2006,其他,2006,41801,205,IAB11-5
20,2007,产经,2007,41801,203,IAB21-3
20,2008,科技,2008,41801,203,IAB19-18
21,2101,摄影,2101,40101,704,IAB9-23
21,2102,琴棋书画,2102,40101,704,IAB9-12
21,2103,设计,2103,41003,704,IAB19-34
21,2104,曲艺,2104,40101,704,IAB1-6
21,2105,鉴赏收藏,2105,40101,704,IAB9-10
21,2106,其他,2106,40101,704,IAB18-2
22,2201,小说阅读,2201,41101,604,IAB9-13
22,2202,文化文学,2202,41101,604,IAB1-1
22,2203,电子书,2203,41101,604,IAB9-11
22,2204,其他,2204,41102,604,IAB5-3
23,2301,综合人才网站,2301,42201,1301,IAB3-9
23,2302,地方人才网站精选,2302,42201,1302,IAB3-9
23,2303,行业人才网站,2303,42201,1302,IAB3-9
23,2304,其他,2304,42201,1303,IAB4-1
24,2401,购物综合,2401,2003,1702,IAB22
24,2402,家居用品,2402,2003,902,IAB10-5
24,2403,数码家电,2403,2003,1702,IAB10-1
24,2404,导购比价,2404,42501,1702,IAB22-3
24,2405,电子支付,2405,2003,1702,IAB19-18
24,2406,其他,2406,2003,1702,IAB22-2
25,2501,美食,2501,42501,1401,IAB8-4
25,2502,零食,2502,42501,1402,IAB8-8
25,2503,饮料,2503,42501,1403,IAB8-6
25,2504,烟酒,2504,42501,1404,IAB8-18
25,2505,保健食品,2505,42501,1405,IAB8-17
25,2506,其他,2506,42501,1406,IAB8-5
26,2601,服装,2601,42501,1501,IAB18-5
26,2602,鞋靴,2602,42501,1502,IAB18-5
26,2603,配饰,2603,42501,1503,IAB18-6
26,2604,珠宝首饰,2604,42501,1504,IAB18-4
26,2605,箱包,2605,42501,1505,IAB18-6
26,2606,钟表,2606,42501,1506,IAB9-10
26,2607,奢侈品,2607,42501,1507,IAB18-6
26,2608,眼镜,2608,42501,1508,IAB18-6